00000000000000000000000010000001
00000000001100000000000100000010
00000000001000001000101100000000
00000000001000001000001100001110
00010011100000110000000110010110
00010100010000110000001000010110
00000000010000011000001010000001
00000000000000101000001100001000
00000000010000011000001010000101
00000000000000000100001110000011
00010100011000101000001000001100
00000000000100001000000010000010
11111111111111101100010000000011
00000000000000000000000001111111
11111111111111111111111111111111
11111111111111111111111111111110
11111111111111111111111111111100
00000000000000000000000000000001
00000000000000000000000000000010
00000000000000000000000000000011
11111111111111111111111111111100
00000000000000000000000000001010
00000000000000000000000000000111
00000000000000000000000000001001
00000000000000000000000000000001
00000000000000000000000000000000
11111111111111111111111111111111